[-1.09028900e+00 -5.66129804e-01 -2.71378487e-01 -2.76196767e-02
  2.50733972e-01  2.31717173e-02  5.36044657e-01  8.57755423e-01
  4.53243494e-01  1.30797014e-01  5.61935663e-01 -6.63284063e-01
  3.11531872e-01  1.25606507e-01 -6.26346767e-01  9.65622365e-02
  2.98498064e-01  1.50032714e-01  2.35719636e-01  4.84440289e-02
  8.86763856e-02  2.34606594e-01 -1.13098286e-01  7.22571254e-01
  1.17321357e-01  5.80292225e-01  1.06958568e-01  2.03333676e-01
 -5.49678737e-03  7.55002573e-02  3.52342367e-01 -5.42902984e-02
 -1.18410110e-01 -3.94433290e-01 -4.86142457e-01 -2.95557946e-01
 -1.97444782e-01  5.00862539e-01 -1.40816243e-02  5.22870541e-01
 -3.75239909e-01 -2.82241255e-01 -6.01485670e-02 -4.25938427e-01
  1.38418749e-02 -7.08073497e-01  3.51442695e-01 -6.46872282e-01
  4.50598150e-01 -8.01697969e-01 -5.75489402e-01 -1.91529736e-01
 -2.51807988e-01 -3.99252355e-01 -8.88594463e-02  7.45772105e-03
  2.36335009e-01 -3.76181424e-01 -9.00047123e-02 -1.39721945e-01
  1.89366424e-03  3.40353608e-01 -3.40800434e-01 -2.48665109e-01
 -8.02045166e-02 -1.47483706e-01  3.84092897e-01  4.32180203e-02
 -6.87174380e-01  3.57511669e-01 -5.49721241e-01  2.06467971e-01
 -4.42760289e-02 -2.20629647e-01 -2.61781234e-02  1.14201076e-01
  8.84173065e-03  6.98672950e-01 -1.32640392e-01  3.42295110e-01
  2.40682662e-01  3.03759962e-01  1.86792966e-02 -8.65947083e-02
  3.06396365e-01  3.67320031e-01  5.43043613e-01  4.90483642e-01
 -1.47780001e-01  1.77155301e-01 -3.50020111e-01 -3.05517092e-02
 -8.41233805e-02 -2.54804660e-02  3.98070246e-01 -2.63163805e-01
  4.65478212e-01 -3.04977328e-01  2.77306437e-02 -2.14759842e-01
  1.18346415e-01 -3.64718556e-01  6.08456321e-02  3.33738357e-01
  6.02799542e-02 -2.17994116e-02 -1.12353526e-01  2.36974090e-01
 -6.81119442e-01  2.73596764e-01 -2.80863494e-01 -1.13487214e-01
 -9.11344141e-02 -1.25915736e-01 -4.45425391e-01  4.50200617e-01
  3.28539647e-02  1.19762510e-01 -2.90387198e-02  5.81710875e-01
 -6.86243951e-01  3.59784812e-02 -3.17713231e-01  1.96561947e-01
 -2.79533982e-01  5.03567040e-01 -5.55328965e-01 -3.18577498e-01
  5.87086856e-01 -9.92626846e-02  5.31105578e-01  2.62380689e-01
  3.66314203e-01  2.14361288e-02  8.07001665e-02 -2.22326413e-01
  2.68636681e-02 -2.87427127e-01 -1.01503325e+00  1.07310437e-01
 -2.58874238e-01 -9.23935235e-01  2.18548656e-01  6.93856105e-02
 -1.41662791e-01 -3.82384717e-01 -3.17466199e-01  7.81415775e-02
  1.66328147e-01  1.64152622e-01 -2.51175910e-01  2.19233796e-01
 -9.08764601e-01 -2.31593624e-01 -7.37533867e-02  2.27731153e-01
 -7.19509959e-01  7.07030157e-03 -6.73342466e-01  5.47786057e-01
  5.11561871e-01 -2.95589060e-01 -3.81841570e-01  3.31605077e-01
  5.63696623e-01  4.96917605e-01  1.14820458e-01 -3.63089919e-01
 -3.86021346e-01  2.51557022e-01 -6.57489598e-02  2.23090321e-01
  2.22421646e-01 -2.78649509e-01  1.59143314e-01 -1.51326567e-01
  6.35353178e-02  2.98449188e-01  2.38009885e-01  3.37565541e-01
 -5.33412099e-01 -4.32933681e-02 -5.65064371e-01 -9.35225412e-02
  7.72262335e-01  1.03549406e-01 -1.44849077e-01 -1.88481137e-01
 -5.83140366e-03 -2.74379462e-01 -1.57819074e-02  3.33871454e-01
  1.52741507e-01  1.92926630e-01  4.46658522e-01 -3.12804580e-01
 -3.20520923e-02 -5.34170628e-01  8.76959860e-02  4.85113412e-01
 -3.36917154e-02  9.96814743e-02  5.34236990e-03  4.88319129e-01
 -2.35424876e-01  2.10958481e-01 -4.68184352e-01  3.62247288e-01
  3.72263044e-01  1.74751490e-01 -2.04887331e-01  7.94418514e-01
 -3.37612957e-01 -1.26069278e-01  5.77537775e-01  4.87099662e-02
  1.48127936e-02 -5.49297929e-01  2.79869586e-01 -3.64821851e-01
  8.91995504e-02 -6.55709445e-01 -3.07837605e-01  6.80699944e-03
 -2.75581419e-01  9.86285567e-01  6.60696208e-01 -6.98698282e-01
  7.74808288e-01 -4.25975949e-01  9.71529931e-02  1.76572531e-01
  2.71987647e-01 -3.77972692e-01 -2.04153553e-01 -5.24419665e-01
 -6.37059808e-02 -3.36295396e-01 -3.06768268e-01 -2.07251832e-01
  6.70991018e-02  3.41375172e-01  3.68928552e-01  3.62288207e-01
  3.35189372e-01  2.73697823e-01  3.17425847e-01 -2.56547146e-02
 -8.19686711e-01 -5.82722090e-02 -1.92048058e-01 -7.31078088e-01
  2.22401068e-01 -4.12594706e-01 -4.85316329e-02  1.21450625e-01
 -2.53793448e-01 -4.93536651e-01 -5.09336412e-01 -2.39537925e-01
 -2.39535738e-02  2.23243833e-01 -3.48139584e-01  5.20102493e-02
 -3.80511522e-01 -1.59489170e-01  1.61183625e-02  3.93208489e-02
 -2.18741834e-01  2.52964795e-01  7.27636516e-02 -5.65548718e-01
  9.82400626e-02  1.29205808e-01  1.40394509e-01 -1.56406045e-01
 -1.12410232e-01  1.20714024e-01  2.61873782e-01 -4.82838720e-01
 -1.45504018e-02  6.92047417e-01 -7.22898841e-01  2.66983688e-01
 -1.84953824e-01 -1.98919550e-01  3.12256426e-01 -5.20659089e-01
  2.91453823e-02 -2.59260416e-01  2.82024562e-01  3.82360876e-01
 -4.06030118e-01 -3.61294776e-01  3.33330005e-01  2.65212834e-01
 -2.46590078e-01  3.83980930e-01  4.68179435e-01 -3.24622393e-01
 -2.05738321e-02  1.16359994e-01 -1.12769477e-01  1.00785166e-01
  4.93543357e-01 -1.18876874e-01 -5.98912537e-01  1.84318121e-03
 -1.04393539e+01  5.16575761e-02 -1.58848792e-01  8.28000724e-01
  4.75861043e-01 -5.00601292e-01  2.91275918e-01 -2.04505250e-02
 -5.25100529e-01  4.62994307e-01 -3.71098816e-01  1.13878101e-01
  6.43664718e-01  7.45570362e-02 -1.44630581e-01 -5.37663698e-01
  6.03818834e-01 -3.68529081e-01  1.97802275e-01  9.70402896e-01
  2.44544633e-02 -5.86614981e-02 -2.98336476e-01  3.33557604e-03
  2.52438307e-01  3.69333655e-01 -3.19436252e-01  1.60641238e-01
 -2.26084962e-01 -1.63086295e-01 -2.79594690e-01 -5.68451166e-01
 -2.53602147e-01  5.29521704e-01  2.20223919e-01 -2.34021127e-01
 -3.26589078e-01 -2.25319400e-01 -2.97948122e-01  2.35895813e-01
 -9.80897993e-02 -7.41392136e-01 -6.82039708e-02  5.82851589e-01
  6.00287437e-01  5.16172848e-04  4.80908662e-01 -3.74929786e-01
  8.99670869e-02  3.77964139e-01 -2.00467169e-01 -1.87007964e-01
 -1.61634460e-01 -1.34679168e-01  3.74793202e-01 -1.43426016e-01
  3.46471667e-01  5.95539987e-01 -9.93381858e-01 -1.09915853e+00
 -1.52495787e-01  1.93152968e-02 -1.08162916e+00 -1.85845032e-01
  1.11126006e-01 -6.78920984e-01  5.45779839e-02 -6.15399063e-01
 -2.49084413e-01 -3.29336137e-01 -1.00406492e-02 -2.26779029e-01
  2.56122828e-01 -1.33017075e+00 -5.41292012e-01  7.69233346e-01
  2.51857102e-01  1.60650238e-02 -2.71053940e-01 -1.70284197e-01
 -6.06661797e-01 -5.97015977e-01 -2.68231273e-01 -1.38288125e-01
  1.24786183e-01  3.76711130e-01 -1.73631951e-01  3.36259723e-01
 -4.29634959e-01  3.57768625e-01  5.33679724e-01 -9.79794785e-02
 -3.53434011e-02  8.35427865e-02  4.89030853e-02 -1.89660281e-01
  1.00103132e-01 -2.29370847e-01  1.07242174e-01  3.59255522e-02
  2.63126791e-01  3.46288502e-01  4.79496717e-01  2.52730489e-01
  1.55444086e-01 -4.52609837e-01 -4.13212068e-02 -1.65363565e-01
 -3.43269050e-01  5.51089466e-01  4.32636768e-01 -6.37781143e-01
 -3.74422908e-01  8.50109160e-01  2.77917504e-01  2.96244293e-01
  5.89353219e-02  1.04777360e+00 -2.19142824e-01  8.42517018e-02
 -6.44504011e-01  1.11333713e-01 -7.25068569e-01 -7.56020606e-01
 -2.35305250e-01  4.66341466e-01 -4.53287572e-01  1.10328823e-01
  1.76528096e-01  4.08089936e-01 -6.39562666e-01 -1.58556387e-01
 -3.89237970e-01  4.61674184e-01 -7.74057284e-02  2.12518990e-01
  3.16027403e-01 -4.65879530e-01  2.32657045e-01 -3.11650753e-01
  2.55861044e-01  7.39856530e-03  7.35406101e-01 -2.36016899e-01
  5.59874833e-01 -1.51231363e-01  1.18181504e-01 -5.88963330e-01
 -1.49834260e-01  2.65626493e-03  3.15590203e-01 -3.44889253e-01
  3.98380429e-01 -2.72100329e-01  3.32724452e-01  2.26704314e-01
 -1.12468220e-01 -1.27224967e-01 -4.50154036e-01  2.57921815e-01
 -1.29358947e-01 -1.93524897e-01 -3.06873977e-01  1.22728527e-01
 -8.59045610e-02  4.97099906e-01 -4.07830089e-01  1.65356591e-01
  1.15762636e-01  5.02731264e-01 -1.74420297e-01 -2.48578377e-02
 -1.52219042e-01  1.91339374e-01 -4.79282960e-02  1.25874400e-01
  3.20522010e-01 -1.70866191e-01 -2.21516803e-01  5.28540373e-01
 -3.48801106e-01 -4.10987958e-02  3.36993366e-01  9.29915980e-02
  2.71732897e-01  1.33735508e-01  3.12915355e-01  2.42267475e-01
 -8.25959221e-02  3.37947458e-01 -6.12082660e-01  3.85546327e-01
 -9.12012719e-03 -2.71020800e-01 -2.87717789e-01 -8.16471100e-01
 -2.27164462e-01 -2.76697695e-01  3.63915890e-01  5.61364647e-03
 -1.36684105e-01  7.33676180e-02 -1.47430703e-01 -9.65828151e-02
  2.25146990e-02 -3.98479313e-01  1.18323594e-01  8.15533221e-01
  1.25305280e-01  1.12597503e-01  1.14942104e-01 -3.65725100e-01
 -6.50143325e-02 -2.28199959e-01  9.45016891e-02 -5.77299595e-01
  8.09504986e-02 -1.95596829e-01 -4.89940107e-01  2.41281688e-01
 -5.46401799e-01  2.02898979e-01  4.86939074e-03 -1.68355659e-01
  1.76607966e-02 -7.42095947e-01  8.45740974e-01 -3.27634305e-01
  2.42769733e-01 -5.48966825e-02  3.35245907e-01 -9.72171724e-01
  6.29710972e-01 -5.28009124e-02 -5.46743572e-01 -1.35584518e-01
  2.81814076e-02  6.59894645e-02  2.90556848e-01 -9.51763541e-02
 -1.33336008e-01 -3.73113126e-01 -5.91738701e-01  4.14977610e-01
  7.43399680e-01  2.40337968e-01  2.38667309e-01  8.18392113e-02
 -9.18803141e-02  1.37294680e-01 -5.83195351e-02  2.17440110e-02
 -9.23678279e-02  9.26018208e-02  3.76516312e-01 -6.79574132e-01
 -2.59927869e-01 -2.81427711e-01 -2.12543413e-01  2.64013320e-01
 -1.96948618e-01 -2.76141554e-01 -3.61522168e-01  1.05502471e-01
 -3.50907333e-02 -3.58988583e-01  7.56486179e-03  4.90182310e-01
 -1.60188541e-01 -2.31084228e-01 -4.55691755e-01 -3.77736747e-01
  5.13804376e-01 -2.62101293e-01  1.16788760e-01 -3.03989857e-01
 -7.11926371e-02 -3.72416407e-01 -7.74807259e-02 -5.78210801e-02
 -3.10975313e-01 -1.68170221e-02 -8.58056452e-03  3.32933478e-02
  8.80351439e-02 -6.33843467e-02 -4.07094471e-02  4.78728443e-01
  2.40634173e-01  2.78145075e-01  1.68708548e-01  4.07874002e-04
 -1.61855146e-01 -1.46196216e-01  4.61317509e-01  3.53157632e-02
  3.63902807e-01 -4.20879126e-01  3.83061677e-01  4.73528914e-02
 -3.68036836e-01  1.16882361e-01 -8.11702311e-02  2.74920434e-01
 -6.31640553e-01  3.73425782e-01  6.42869711e-01 -1.68646604e-01
  2.82641798e-01  1.10153124e-01 -1.02252953e-01 -5.85420191e-01
  4.41985995e-01 -1.11014605e-01 -1.69714779e-01 -1.45682529e-01
 -3.00220519e-01 -5.09854453e-03  1.81696549e-01 -2.14319319e-01
 -3.63823771e-02 -2.66577653e-03  4.39337820e-01 -1.84912503e-01
 -5.36962032e-01  6.18812740e-01 -1.51670724e-03 -4.02782321e-01
 -4.71295655e-01  2.38559004e-02 -3.12692255e-01  2.42569923e-01
 -6.17862284e-01 -4.11616713e-01  1.30000561e-01 -4.86972705e-02
 -5.03192618e-02 -2.06616595e-02  5.10709167e-01  1.72565892e-01
 -3.67928118e-01  2.97221728e-02  1.45103440e-01  4.14632708e-01
  3.30205262e-01 -2.65563667e-01 -3.77995104e-01 -1.17861301e-01
  5.74963331e-01  6.01997852e-01 -9.82488468e-02  4.36057955e-01
  4.12092716e-01 -1.40811905e-01  4.64969903e-01  1.39849991e-01
 -5.79454042e-02  5.31524941e-02 -4.70235378e-01  2.65285760e-01
  9.71509457e-01 -7.25789964e-01  1.17319889e-01 -8.16161633e-01
  5.51628359e-02  2.59441078e-01  3.22061539e-01 -8.01387206e-02
 -5.46719611e-01  1.64249077e-01 -1.60846576e-01 -3.14720660e-01
  7.33566463e-01 -2.61491656e-01  2.86870860e-02 -5.33602014e-02
  2.99751610e-01 -3.06754500e-01 -3.46749872e-01 -1.38604686e-01
  3.38190675e-01  1.96633056e-01 -1.25663304e+00  8.19247961e-03
 -2.79744387e-01 -3.41949821e-01  9.61681828e-03 -1.72583938e-01
 -4.21423763e-01 -9.23370942e-02 -6.04743838e-01  3.18935245e-01
  3.27121347e-01 -1.12261638e-01  7.70426989e-02 -1.57456473e-02
  1.26705289e-01 -2.73972064e-01  2.75690109e-01  1.84115339e-02
  4.50870425e-01 -2.61312366e-01 -1.64041027e-01 -7.17426658e-01
 -2.47748196e-01 -1.98188480e-02 -4.14978385e-01  5.52630782e-01
 -6.71081245e-01  1.17772922e-01  8.88247013e-01  6.53667927e-01
 -4.46472913e-02 -1.84985489e-01  9.43135172e-02  1.56454578e-01
  1.75255820e-01 -3.61168832e-01 -2.37651467e-01  1.26209915e-01
 -2.73345023e-01  1.03865579e-01 -4.66879718e-02  3.96437883e-01
 -1.56003281e-01 -8.75551999e-01 -5.37517607e-01 -1.42249674e-01
 -1.73997670e-01 -8.45163047e-01  1.60936695e-02 -1.61420897e-01
  3.96119416e-01  1.01986587e-01 -3.63714486e-01 -3.90375406e-01
 -4.97733265e-01  2.72470176e-01  1.05627012e-02  3.52066904e-02
 -2.20794246e-01  7.03008100e-02  1.59579337e-01  2.98039407e-01
  4.79730427e-01  1.25381589e-01 -3.08769733e-01  3.75890046e-01
  5.89845181e-01 -5.99461436e-01  6.27899468e-02 -2.09616482e-01
  2.72796601e-01 -9.34774652e-02 -1.24869369e-01  2.87598103e-01
 -1.33937165e-01  1.85453475e-01  5.76627791e-01 -3.29826325e-02]
[-2.41417199e-01  1.99191887e-02  6.48656045e-04 -8.41389447e-02
  2.96902478e-01 -3.08643848e-01  4.42081243e-02  4.87644076e-01
 -5.16998433e-02  1.98493943e-01  1.05522662e-01 -3.89322311e-01
 -4.34718318e-02  3.62901717e-01  2.47343451e-01  3.14969540e-01
  1.55500472e-01  3.76247108e-01 -3.66987646e-01 -7.99852982e-02
  1.08637378e-01  2.04711720e-01 -2.00140223e-01  2.72737771e-01
  2.86262393e-01  5.60567260e-01  1.14511155e-01  1.96661010e-01
 -1.46883845e-01  8.80872458e-02  2.54157126e-01 -3.05508763e-01
  2.94192076e-01 -2.33696789e-01  1.77273944e-01 -2.93589801e-01
 -2.53431476e-03 -3.00066978e-01 -5.51579371e-02 -1.87240377e-01
 -3.09663862e-01  6.31381050e-02  3.50751519e-01 -4.00305778e-01
  8.42707828e-02  2.09793925e-01  1.06993735e-01 -1.65137231e-01
  1.53752178e-01 -2.24278793e-01 -5.56374311e-01 -3.16592902e-02
  2.48555858e-02 -3.58261198e-01  5.68693876e-01  7.36704111e-01
 -2.42808228e-03 -5.48645854e-01 -3.73388231e-02 -1.63810670e-01
 -2.32093558e-01  5.47147989e-02  2.35639855e-01 -2.92280674e-01
  1.18197575e-01 -2.45764442e-02  4.08638380e-02 -2.78708935e-01
 -5.97892344e-01  2.35192508e-01 -5.24611771e-02  2.61378974e-01
 -1.31948501e-01 -2.96830446e-01  2.59623706e-01  4.05509949e-01
  3.63162011e-01  4.85504687e-01 -3.05701435e-01  3.45027953e-01
 -5.02983034e-01  5.97030044e-01  2.11912161e-03  1.98026195e-01
  2.21918121e-01  2.04483867e-01  1.34289816e-01 -3.29851717e-01
 -1.97497085e-02  2.96684176e-01 -6.08580410e-01 -4.39574003e-01
 -2.87804097e-01  1.95823014e-01  4.49756593e-01 -3.46270144e-01
  2.85714000e-01  5.97596467e-02 -6.71194047e-02  3.49873900e-01
  2.70011306e-01  3.07151347e-01 -1.77858565e-02  1.96950436e-01
 -1.42486334e-01  1.59335077e-01  1.45239830e-02  9.18219686e-02
  8.42964575e-02  6.76269829e-02 -1.40961632e-01 -4.32880700e-01
  1.54738411e-01 -4.31891046e-02 -2.07686603e-01 -1.62911400e-01
 -4.53193843e-01 -1.21409751e-01 -5.06096184e-01  1.65442526e-01
 -4.00891751e-01 -2.71798968e-01  7.75988027e-02  3.00760090e-01
  1.07913122e-01 -1.59690678e-01 -2.84227669e-01 -2.18284398e-01
  2.43789274e-02 -3.49600881e-01  4.76334661e-01  1.42028406e-01
  3.07386220e-01 -3.89167517e-01  3.02958041e-02  3.85633186e-02
 -1.08274117e-01  1.52000621e-01 -4.93822664e-01 -2.05897853e-01
  4.41190377e-02  1.01312906e-01  1.58106461e-01 -1.09909317e-02
  1.06838800e-01 -5.44252340e-03  4.07885984e-02 -2.72986770e-01
 -5.81808910e-02  3.34050536e-01 -2.43542731e-01  6.80533230e-01
 -5.20745575e-01 -2.92225450e-01 -6.23943917e-02  2.30956357e-02
 -1.50789395e-01  1.95039675e-01  2.71356225e-01 -5.11046290e-01
  1.00148804e-01 -5.90664208e-01  1.15975611e-01  3.21704328e-01
  5.37338614e-01  2.52081066e-01  2.87325352e-01  4.10791636e-01
 -9.57304263e-04 -1.10711671e-01 -3.20218325e-01  6.65458322e-01
  3.01298171e-01 -5.16241014e-01  2.24276409e-01 -1.60981193e-01
  9.48557537e-03  3.61085534e-01  5.75294316e-01  2.80570745e-01
 -6.35745883e-01 -1.28489016e-02 -1.97288617e-02 -5.09043515e-01
 -1.50324665e-02  1.75317556e-01  6.75593689e-02 -2.95621753e-01
  1.80760801e-01  9.32238847e-02 -5.80104068e-02  2.56466776e-01
  3.67208183e-01  1.15358211e-01  4.54709768e-01  1.79504693e-01
 -4.93972272e-01 -3.60111922e-01 -2.52958387e-01  9.94101912e-03
  1.16378209e-02  1.12615086e-01 -7.59375617e-02  3.29297990e-01
 -1.35266244e-01  2.58874476e-01 -4.28609490e-01  1.34618327e-01
  1.17031494e-02 -3.04117024e-01  3.93622667e-02  7.39129305e-01
 -3.04743111e-01  4.57980037e-01  1.70792460e-01  1.52011544e-01
  5.99744618e-02 -2.65339166e-01  1.31819785e-01 -1.92734584e-01
  1.22789592e-01  1.29050910e-01 -6.81105673e-01  9.44436565e-02
 -1.19461335e-01  8.18713546e-01  5.61566353e-01 -2.30689064e-01
  6.39360726e-01  1.21902063e-01  5.89106046e-02  3.95263851e-01
  4.61295784e-01 -1.39780030e-01  6.29858151e-02 -3.00680459e-01
 -5.19568741e-01 -4.37185675e-01  6.77860081e-02  9.26138014e-02
 -3.83673847e-01  5.34099221e-01 -1.12109348e-01  4.45751846e-01
  5.47260761e-01  1.14494085e-03 -2.58533675e-02 -2.73253888e-01
 -3.08747530e-01  8.57943520e-02 -2.33414918e-01 -1.43019617e-01
 -2.23653197e-01  2.82055680e-02  9.38744284e-03  3.45550440e-02
 -5.51829398e-01 -5.05265035e-02 -2.37234890e-01  2.52865285e-01
  4.49525744e-01  9.95710865e-02  7.86924213e-02 -3.27682197e-02
 -3.56833816e-01 -3.04021716e-01 -4.43673991e-02 -1.52951553e-01
  1.02840774e-01 -1.05873719e-01 -1.71619400e-01 -6.07093096e-01
  2.41740644e-01  3.59754860e-01  3.18390936e-01 -3.99860501e-01
  6.07085451e-02 -9.44782346e-02  3.63349915e-01 -6.65054917e-02
  4.18247506e-02  2.51565631e-02  2.04930883e-02 -5.61098419e-02
 -3.36726099e-01 -2.69583523e-01  6.19530857e-01 -6.08979702e-01
 -4.98750567e-01 -2.06285089e-01 -3.48134339e-01 -3.72033358e-01
 -3.75682175e-01 -4.54413235e-01  2.88747728e-01  4.09768492e-01
 -6.25742078e-02  3.29179168e-01 -2.21476480e-01  1.44971609e-02
  1.24459118e-01  3.91917191e-02  6.55514225e-02  3.03085148e-01
  2.46688023e-01  6.49492562e-01 -2.39525840e-01  2.09689796e-01
 -8.44521236e+00 -1.70208529e-01 -2.67547846e-01  3.16553451e-02
  5.00295103e-01  1.16854690e-01  2.01671585e-01 -4.68339911e-03
 -3.09384078e-01  9.12989154e-02  1.67165905e-01 -1.32920414e-01
 -1.07660502e-01  5.64150140e-02 -2.00263280e-02 -4.02637780e-01
  1.25688901e-02 -2.64690101e-01  9.83238891e-02  5.33645451e-01
 -2.06253827e-01 -2.47587159e-01  3.04633260e-01 -2.75849968e-01
  4.38427120e-01  5.80857277e-01 -2.02266350e-01 -3.25086147e-01
  3.38098556e-02  2.46942729e-01 -3.46013367e-01 -4.86611098e-01
 -7.53849819e-02  3.95610213e-01 -1.33333489e-01 -3.63202214e-01
 -2.91244626e-01  3.26917432e-02 -1.37804881e-01 -9.38852131e-02
 -4.20746833e-01 -6.33297741e-01 -2.43033946e-01  1.09502099e-01
  6.79354429e-01 -7.64127016e-01  3.87165070e-01 -2.68106796e-02
  9.22355205e-02  2.44149193e-01  4.13995981e-01 -4.40275334e-02
 -2.54108578e-01 -2.70525783e-01  3.50746423e-01  2.64194605e-05
 -2.87868440e-01  4.34423268e-01 -2.61544228e-01 -4.41593140e-01
  2.00097010e-01 -2.61666756e-02 -5.49484134e-01 -1.06803723e-01
 -5.20341434e-02 -1.33449763e-01 -8.45951974e-01 -6.60844803e-01
 -1.83923706e-01  7.09771886e-02 -3.26764613e-01 -1.24817137e-02
  1.03166856e-01 -1.37759602e+00 -5.28041273e-02  1.22489356e-01
  3.11204821e-01 -3.70007195e-02  1.75200418e-01 -3.72383833e-01
 -6.13301456e-01 -5.66377342e-02 -3.05610090e-01 -2.18015924e-01
 -2.22978458e-01 -1.33003041e-01 -2.48877198e-01 -2.55830228e-01
 -1.71757519e-01 -1.03384107e-01 -1.64826915e-01  4.63378519e-01
  8.07271376e-02  2.39594415e-01 -2.13346303e-01 -3.34858239e-01
  2.07679018e-01 -4.62918311e-01 -6.82218969e-02 -6.28967013e-04
 -2.07219258e-01  3.04769903e-01  1.48832440e-01  5.19764781e-01
  2.53981143e-01 -3.52457315e-02  3.11518043e-01  1.71913639e-01
 -9.47772786e-02  3.19154918e-01  2.07050711e-01 -1.83895037e-01
 -1.03656188e-01 -2.25133985e-01  5.20051941e-02 -2.50915527e-01
  3.02334428e-01  4.57565665e-01  8.46988559e-02  2.47109428e-01
 -8.97349536e-01  6.87312484e-01 -4.59152073e-01 -3.65484387e-01
  7.85872992e-03  1.83870569e-01 -3.54183644e-01 -4.85295713e-01
  2.86811322e-01 -2.17909351e-01 -5.01913428e-01 -3.00997317e-01
 -6.97365552e-02 -1.21959440e-01 -1.92220628e-01 -4.50942636e-01
 -3.42095017e-01 -6.40141249e-01 -4.99677751e-03  2.93379068e-01
  5.74140787e-01  2.03048095e-01  4.84659106e-01 -1.07499184e-02
 -1.80304274e-01 -5.21354437e-01  6.79269731e-02  2.33159542e-01
 -4.52427231e-02  1.91343218e-01 -1.22765541e-01 -1.41597465e-01
  3.49005550e-01 -4.48560447e-01  2.38584995e-01  2.31916815e-01
 -2.37679556e-01  8.72064009e-02 -9.38570406e-03 -1.21539317e-01
  4.67832536e-01 -2.20499579e-02  2.33250037e-02  2.83367872e-01
 -1.74900740e-01  3.80121827e-01 -2.93161631e-01  8.19510296e-02
 -2.13026538e-01 -2.01825187e-01  2.11960047e-01  2.06983268e-01
  6.25552163e-02 -2.08927408e-01 -1.25181884e-01  4.51177001e-01
 -8.93397778e-02  6.14714660e-02 -4.69839275e-01  3.19157332e-01
 -2.40495354e-01  2.38511652e-01 -1.18437437e-02 -4.39731568e-01
  8.63497257e-02  2.29663193e-01  6.01970665e-02 -3.41497548e-02
 -1.02637768e-01  1.65279388e-01 -9.48059186e-02  9.42646027e-01
 -2.10342407e-01 -7.36199498e-01 -4.99064445e-01 -4.55081940e-01
 -1.67584464e-01 -4.14022624e-01  3.20439994e-01 -1.71072304e-01
 -1.16810143e-01  2.28740618e-01 -3.74147929e-02  1.67148709e-01
 -3.22669074e-02 -2.45972648e-02 -4.79492769e-02  1.39856875e-01
  3.57975304e-01  6.20013952e-01 -1.82724878e-01 -2.67410129e-01
  3.38399224e-02 -2.88030803e-01  8.04472938e-02 -4.89140004e-02
 -2.67682731e-01 -8.67636204e-01 -3.23555917e-01  2.17345700e-01
 -4.55417663e-01 -5.35573252e-02  4.04475629e-01 -2.31487602e-01
 -5.16169727e-01 -1.02910668e-01  1.44646466e-01  1.76940739e-01
 -4.71235454e-01  7.16733858e-02  3.19811772e-03 -7.47649968e-01
 -5.01923561e-02 -6.57909095e-01 -4.03910816e-01  2.10731089e-01
 -5.29509336e-02 -3.48536909e-01  3.56503636e-01 -1.24634907e-01
 -1.62059769e-01 -3.05879086e-01  1.42794013e-01 -7.44038671e-02
  5.87905884e-01  2.23550886e-01 -2.76916295e-01 -9.07373205e-02
 -2.85622180e-01 -5.55973172e-01 -3.06969583e-01 -7.06668198e-02
 -3.52167264e-02 -3.19941044e-01  1.88802838e-01 -6.52962506e-01
 -3.32724929e-01  1.90968990e-01  8.93922523e-03 -3.59833479e-01
 -1.86381891e-01 -5.85266352e-01 -1.75637543e-01  8.76077488e-02
  3.76644492e-01 -3.44016910e-01  9.02372822e-02 -1.25650605e-02
 -8.28079060e-02 -1.74121156e-01  3.37572326e-03 -1.50224283e-01
  5.02703846e-01 -1.88908353e-01 -2.27642328e-01  1.04550488e-01
 -4.16071653e-01 -8.57876599e-01 -8.30747373e-03 -1.88144282e-01
 -5.60506769e-02  6.79792583e-01 -2.83816636e-01 -2.66299635e-01
 -5.01384400e-02 -3.12025994e-01 -7.35655129e-02  3.05892199e-01
  2.94370621e-01  2.03728124e-01  1.47197004e-02  2.73282796e-01
 -4.35106277e-01  3.29903550e-02  2.33902946e-01  1.85096972e-02
  6.86621070e-01  1.96047723e-01 -5.13622053e-02  2.12951809e-01
 -4.22363251e-01  4.24386747e-02  1.34426385e-01  6.97539747e-02
  3.00541282e-01 -7.74129182e-02 -2.56274879e-01  2.80985865e-03
 -8.34531710e-02  2.71665186e-01  6.88994676e-02  3.12582925e-02
  1.56567067e-01 -1.03581093e-01  5.87153472e-02 -2.46325612e-01
 -4.31710109e-02 -7.98320234e-01  1.48450345e-01  1.95321158e-01
  9.05133709e-02  3.89019847e-02  3.99291486e-01 -4.07344222e-01
 -3.62394229e-02  8.85624513e-02 -1.37382448e-01 -6.70988113e-02
 -1.10673599e-01 -1.53407156e-01 -6.56273291e-02  2.75301933e-01
 -5.07004976e-01  3.21310088e-02 -2.08456978e-01 -1.35740489e-01
  3.07702065e-01  4.42520916e-01  2.74031609e-01  3.09884071e-01
 -7.75855780e-02 -7.62958825e-02  2.35036295e-02  2.37045199e-01
 -8.87023518e-04 -5.58328964e-02 -1.93496004e-01  1.46371767e-01
  2.00871617e-01  1.70959514e-02 -1.12142801e-01  3.46182019e-01
  9.83352214e-02 -1.15382336e-01  3.52292717e-01  1.04375340e-01
 -1.60289615e-01  1.77002564e-01  9.81053337e-02  6.54497862e-01
  2.10577682e-01 -1.61327496e-01  5.42538352e-02 -6.20271862e-01
  5.28910518e-01  3.92005473e-01  2.47918338e-01 -7.29104355e-02
 -1.26485690e-01 -1.32951317e-02  2.89487928e-01 -2.71963775e-01
  4.88478914e-02 -6.99082315e-01  2.00692907e-01  1.91275209e-01
 -3.44517827e-01 -1.35243073e-01  2.90521532e-01 -1.96025416e-01
 -2.00095654e-01 -1.31182402e-01 -5.91907442e-01 -4.60844070e-01
  2.66146809e-02  3.68376821e-01  2.43459791e-01 -2.20042780e-01
  1.47401288e-01 -3.25841933e-01 -9.80726406e-02  9.26988795e-02
  3.81737292e-01  1.85569916e-02  1.39271274e-01  3.41865346e-02
  3.31799060e-01  5.91140807e-01  2.40664735e-01 -6.60417676e-02
  3.08096111e-01 -3.64730060e-01 -4.47360724e-01  2.32732713e-01
 -3.53175700e-01  4.74190712e-01  2.93840822e-02  1.54298127e-01
 -2.23011404e-01 -2.93549448e-01  4.36223626e-01  3.39976221e-01
  8.18706676e-03 -6.45075738e-01 -1.25564426e-01 -2.99829602e-01
 -1.00974672e-01 -9.68080610e-02 -1.05615407e-01 -2.09077969e-01
 -2.01241374e-01 -8.84725004e-02 -9.74943340e-02 -9.15530100e-02
 -1.54009044e-01 -4.25299048e-01 -4.39951308e-02 -1.28629327e-01
 -2.89329439e-01 -8.29987302e-02 -4.35289532e-01 -1.43647298e-01
 -1.04525611e-01  2.74567828e-02 -1.37679949e-01 -2.79419541e-01
  3.55116278e-01  3.95441920e-01 -1.95564121e-01 -4.12068486e-01
 -4.59903270e-01  1.57572731e-01 -1.01424329e-01 -2.19831988e-01
 -1.01915285e-01  3.48610312e-01 -2.15543285e-02  6.73499823e-01
  4.56813537e-02 -5.34976244e-01 -9.47755128e-02 -8.96428376e-02
 -5.89035213e-01  1.59711704e-01 -1.73124969e-01  3.39430004e-01
  1.23472713e-01 -3.96418944e-02  5.59207499e-01  1.24064967e-01]
