[-1.21521628e+00 -2.15042040e-01 -1.93243831e-01 -2.86137134e-01
  1.60160929e-01 -2.12036461e-01  5.31902015e-01  7.96650708e-01
  4.42200392e-01  3.44858289e-01  2.96785027e-01 -3.58241230e-01
  3.36960554e-01  1.37345195e-01 -2.25541919e-01  1.86301231e-01
  3.24975938e-01  1.89643517e-01  1.61347568e-01 -1.61885276e-01
 -7.85261169e-02 -1.32904172e-01 -3.67077470e-01  7.44082510e-01
  5.07517159e-02  3.36128682e-01 -4.00264189e-03 -5.99749237e-02
  1.22974418e-01 -4.86640073e-02  6.21082604e-01  1.88035313e-02
  9.20710638e-02 -4.58241105e-01 -3.46578687e-01 -1.78502470e-01
 -2.78429598e-01  3.50268185e-01  1.45658374e-01  1.19757950e-01
 -3.15414310e-01 -2.59036928e-01  1.39595702e-01  5.57118542e-02
 -1.35020629e-01 -4.83457804e-01  3.01527888e-01 -4.39607590e-01
  4.23915952e-01 -8.10989976e-01 -5.12645900e-01 -1.56686977e-01
  2.94870853e-01 -5.14605880e-01  8.35844055e-02 -3.91594768e-02
  2.99629450e-01 -4.25483853e-01  1.08218841e-01 -2.07852855e-01
  8.90764967e-02  5.08520424e-01 -3.78281623e-01 -3.60748827e-01
  2.46860068e-02  1.21772744e-01  6.35846928e-02  1.82893395e-01
 -7.23998785e-01 -8.99548531e-02 -3.34377289e-01  4.02965881e-02
 -9.40698981e-02 -3.13196033e-01 -2.45859966e-01  7.61523321e-02
  2.02094153e-01  6.59150243e-01 -1.97618231e-01  1.24763072e-01
  5.04178703e-02  2.95722783e-01 -1.48658380e-01  1.53527977e-02
  2.85615236e-01 -1.98309347e-01  4.02717590e-01  7.45901316e-02
 -3.18816781e-01  4.26108122e-01 -2.14873388e-01 -5.67127839e-02
 -9.75288972e-02  1.76189288e-01  3.34624410e-01 -1.59696892e-01
  5.45233488e-01 -1.82259902e-01  4.88908868e-03 -7.80822709e-02
 -1.92398116e-01 -1.67132676e-01  1.75400265e-02  3.66402358e-01
 -4.91966009e-02  7.66409039e-02 -7.29485415e-03 -5.99835031e-02
 -4.54800963e-01  1.43212467e-01 -1.11805893e-01 -2.56316781e-01
 -5.10516405e-01  3.02522331e-02 -2.02131122e-01  1.39208332e-01
  1.32950574e-01  6.45497963e-02  1.26121435e-02  5.30947208e-01
 -3.62967670e-01 -3.36767107e-01 -3.50663185e-01  2.07777292e-01
 -4.07199085e-01  3.07698935e-01 -9.74166632e-01 -2.99990386e-01
  4.39497769e-01  2.81126834e-02  5.06321073e-01  4.49230224e-02
  1.62421569e-01 -2.56891221e-01  1.00434929e-01 -1.22857466e-01
 -5.72394244e-02 -1.13516092e-01 -7.54316807e-01  3.11446697e-01
 -4.02372554e-02 -7.53374875e-01 -3.38387266e-02  1.21786401e-01
 -9.96725932e-02 -3.56602281e-01 -2.50549912e-02 -3.66242707e-01
  2.41580904e-01 -5.66243455e-02 -1.01162672e-01  3.09853345e-01
 -5.20485163e-01 -1.41504124e-01  3.08099777e-01  3.77234370e-01
 -4.84495431e-01 -8.12204108e-02 -6.35531604e-01 -7.74136838e-03
  2.40459263e-01 -2.06114382e-01 -2.49602646e-02 -9.95953158e-02
  6.14911854e-01  3.89943957e-01  1.15701109e-01 -6.03151202e-01
 -3.71900529e-01  2.70392388e-01 -2.85092294e-01  1.09194241e-01
  2.51328111e-01 -1.56182483e-01  5.26570901e-02 -1.36728510e-01
  8.42488259e-02  3.61769557e-01  1.65272892e-01  7.79934041e-03
 -5.64142942e-01  4.06993292e-02 -3.94547880e-01 -7.38670155e-02
  4.12908703e-01 -1.28597468e-01 -1.99777588e-01  3.36625278e-02
 -2.07610413e-01 -1.58644721e-01 -1.48505285e-01  4.43738520e-01
  1.90247044e-01  3.52512479e-01  4.66229469e-01 -1.00551695e-01
  1.40727639e-01 -4.53119665e-01  1.74398243e-01  5.51898301e-01
 -2.90874839e-01 -2.41324157e-01 -1.12204611e-01  3.03308100e-01
 -4.10104752e-01  9.71473530e-02 -4.47868377e-01  7.50497654e-02
  1.24941237e-01  2.88777649e-01 -1.12618610e-01  2.69528896e-01
 -2.41700456e-01 -1.17259271e-01  4.64033157e-01  2.27096885e-01
  2.55592316e-01 -1.78775251e-01  4.18397039e-01 -4.70033661e-02
 -5.59474118e-02 -1.21575899e-01 -3.67089391e-01 -2.73281485e-01
 -1.67000651e-01  1.19340372e+00  6.34201169e-01 -6.27201319e-01
  4.01556104e-01 -4.58585769e-01 -5.76726571e-02  3.98909487e-02
  1.36744410e-01 -1.26108602e-02 -9.23659354e-02 -7.38658071e-01
 -2.31357142e-01 -3.14916730e-01 -7.42007419e-02 -3.75399292e-01
  1.52132928e-01  3.98039997e-01  2.78313514e-02  4.16884124e-01
  2.65936673e-01  1.97926000e-01  1.36404738e-01  1.63641512e-01
 -6.78566515e-01  2.53486305e-01 -2.12767541e-01 -8.41514409e-01
  1.88193932e-01 -8.69793966e-02 -3.63750279e-01 -7.44728073e-02
 -2.92905629e-01 -2.55692124e-01 -4.28824276e-01  7.07524940e-02
 -3.21920425e-01  2.38689572e-01 -4.74362135e-01 -1.35560095e-01
 -6.30972981e-01 -4.26031470e-01 -2.71668077e-01  3.52237187e-02
 -1.79791257e-01  1.14522733e-01  2.35169351e-01 -4.22089070e-01
 -1.82736948e-01 -1.49504200e-01  1.76996455e-01 -1.26860261e-01
 -5.50281303e-03  2.29283243e-01  3.37890118e-01 -2.28172854e-01
  1.55088603e-01  6.91122949e-01 -6.26327813e-01  1.24938123e-01
 -4.23173130e-01 -2.20864758e-01  5.69629818e-02 -3.58256429e-01
 -1.16636246e-01 -1.11469114e-02  4.21418637e-01  4.25580591e-01
 -2.06333369e-01 -2.48227671e-01  5.65447748e-01  2.78789997e-01
 -2.48167783e-01  3.03098038e-02  3.99193078e-01 -2.00353771e-01
  5.94245136e-01  2.55534917e-01  1.52898461e-01  4.11260217e-01
  6.65173292e-01 -1.04088873e-01 -5.31715989e-01  9.87043604e-02
 -1.28218164e+01  4.83546816e-02 -6.22326769e-02  2.86355346e-01
  6.28505349e-01 -4.40176517e-01  3.42772245e-01  1.42964661e-01
 -9.44740236e-01  5.76794267e-01 -6.28689170e-01  3.09710681e-01
  2.51771778e-01  4.26988244e-01  6.63059938e-04 -3.75823110e-01
  6.63386360e-02 -3.07430308e-02  2.47573107e-01  1.14143443e+00
 -1.43902808e-01  2.13668421e-01 -3.61619502e-01  1.36318699e-01
  1.80639222e-01  2.89524168e-01 -9.45840478e-02 -1.47404373e-01
 -1.55583948e-01 -4.59745675e-02 -9.51567441e-02 -3.54363859e-01
 -2.28574961e-01  1.95737764e-01 -3.64419830e-04 -2.22382069e-01
 -2.01569945e-01 -2.82870203e-01 -2.04539955e-01 -1.44534171e-01
 -1.42153397e-01 -5.82458258e-01  1.53631151e-01  6.09247804e-01
  7.13508070e-01  2.33538374e-01  1.70742229e-01 -4.73648787e-01
  2.11427942e-01  4.45641011e-01  2.78498586e-02 -1.85700543e-02
 -1.69968963e-01 -6.06350414e-02  4.55104917e-01  1.96715623e-01
  3.45904797e-01  5.49835682e-01 -8.36780727e-01 -7.70607293e-01
 -6.06080115e-01  2.69857377e-01 -1.12541068e+00 -2.58535564e-01
  3.84370655e-01 -6.99957252e-01  1.42900184e-01 -6.21134818e-01
  9.59093943e-02 -4.19283271e-01 -7.69649446e-02 -3.61620754e-01
 -8.25791955e-02 -1.32757461e+00 -6.20746255e-01  6.42641902e-01
  4.17437196e-01  2.05440223e-01  8.08210149e-02 -2.08109710e-02
 -5.57225406e-01 -3.07555020e-01 -6.29735067e-02 -3.19837481e-01
  1.48499310e-01  2.40030214e-01 -2.17920870e-01  1.11193985e-01
 -3.53641540e-01  1.88231766e-01  3.44055831e-01  1.62632331e-01
 -3.54695231e-01 -3.43859971e-01  1.83758646e-01 -4.50317234e-01
 -2.34337136e-01  1.08770262e-02  2.00208072e-02 -1.20029539e-01
  1.99691832e-01  6.00459054e-02  3.22549403e-01  3.60171609e-02
  2.75689423e-01 -2.06551746e-01 -3.58108990e-02  1.39396653e-01
 -5.12720346e-01  4.64563727e-01  3.23285341e-01 -3.57150763e-01
 -1.50668144e-01  6.85148954e-01  3.37785959e-01  3.13608527e-01
 -8.50249454e-02  7.55176842e-01 -2.95854390e-01  1.91068500e-01
 -5.51693380e-01  9.24787521e-02 -5.04070997e-01 -6.44798875e-01
 -2.00495571e-01  3.07318121e-01 -3.56058270e-01 -2.67494887e-01
  5.94523549e-01  2.35790268e-01 -4.93344039e-01 -1.66540265e-01
 -1.71391398e-01  5.78705847e-01  6.16529025e-02 -1.26074314e-01
 -1.91234857e-01 -5.82697809e-01  7.64171928e-02  1.61300953e-02
 -1.01033956e-01  1.76888540e-01  5.35357773e-01 -5.20444989e-01
  5.49747288e-01 -2.01497272e-01  2.66555130e-01 -5.89210570e-01
  2.36399591e-01 -2.52653033e-01  1.29104361e-01 -6.39542751e-03
  1.52493939e-01 -5.18264055e-01  4.98511285e-01  1.60692170e-01
 -8.07113573e-02  4.40158695e-02 -1.56918854e-01  1.70048699e-01
  5.20149432e-02 -1.70459494e-01 -2.31577098e-01 -7.00255930e-02
  1.40679210e-01  4.10135031e-01 -4.00843263e-01  1.20966323e-01
 -8.47691819e-02 -7.98515305e-02 -3.23500872e-01  3.22344936e-02
  1.78986043e-02  1.39008284e-01 -2.66095579e-01  2.30981916e-01
  3.25866818e-01 -2.33105034e-01 -4.45020646e-01  4.22212750e-01
 -4.24293488e-01  6.98125968e-03  2.87665397e-01  1.19900562e-01
 -1.17033094e-01  3.29846114e-01  2.13505626e-01  2.97227561e-01
 -3.48422855e-01 -1.30504161e-01 -4.84220356e-01  2.00329050e-01
  8.52943808e-02 -4.69665229e-02 -3.80096465e-01 -6.04855776e-01
 -1.59623638e-01  1.49028212e-01  3.72998804e-01 -2.78310120e-01
 -2.27118745e-01 -5.81901409e-02 -1.68170914e-01  3.37762535e-02
  3.57722670e-01 -5.21575570e-01 -2.29692265e-01  4.36536223e-01
  1.91634431e-01  2.90431321e-01  9.02467445e-02 -5.12111783e-01
  3.64189148e-02 -4.59093004e-02 -1.26656011e-01 -6.50520682e-01
  7.86648467e-02 -3.48115116e-01 -2.13135600e-01 -3.17866094e-02
 -4.72182810e-01  3.24989669e-02  4.40273061e-02 -4.19481456e-01
 -1.34153277e-01 -5.21202147e-01  9.60615933e-01 -3.97763938e-01
  3.48810554e-01 -1.35041967e-01  3.87199938e-01 -8.74081850e-01
  5.00279665e-01  3.57336193e-01 -5.52525818e-01 -2.71217436e-01
 -1.77540854e-01  2.15325788e-01  2.93766081e-01  3.51756215e-01
  2.61019289e-01  5.32793179e-02 -1.74563020e-01  2.59657711e-01
  1.00113738e+00 -3.44916731e-02  2.25608528e-01 -7.30881765e-02
  2.98652388e-02 -1.19465895e-01 -2.29501367e-01  1.97339743e-01
  8.81975293e-02  4.45051342e-01  4.80164260e-01 -4.29687083e-01
 -2.30482832e-01 -1.44694954e-01 -1.09323241e-01  3.45518261e-01
 -1.15668803e-01 -4.35593307e-01 -3.03068072e-01  4.86649632e-01
  4.67765123e-01 -2.78544992e-01  1.64276943e-01  2.07619265e-01
 -3.07355106e-01 -3.57006341e-01 -4.63725269e-01 -4.63732123e-01
  3.67821723e-01 -5.16937152e-02  1.74691472e-02 -3.69392991e-01
 -1.83314189e-01 -3.38020623e-01  1.41907826e-01 -1.95080161e-01
 -1.68151647e-01  3.66717905e-01  6.72138482e-02 -1.06901146e-01
  3.76886487e-01 -8.29643831e-02  2.87585944e-01  4.65732396e-01
  1.26466677e-01  2.04574876e-02  1.09395221e-01  1.55912027e-01
 -2.71129400e-01 -4.36740845e-01  4.54233766e-01 -1.86612427e-01
 -1.11080840e-01 -2.41198495e-01  4.91270661e-01 -1.25889719e-01
 -5.14610827e-01  3.17242183e-02  1.53977796e-02  8.23379308e-02
 -4.17502642e-01  3.05236936e-01  2.46395186e-01 -3.38580251e-01
  1.15005700e-02  5.08245267e-02 -1.59168586e-01 -6.11928523e-01
  4.07511801e-01 -1.27246737e-01 -4.05446440e-01  2.14721970e-02
  1.15340956e-01 -2.51658976e-01  4.47498679e-01 -1.40766323e-01
 -2.04407468e-01 -1.11540340e-01  3.61823678e-01 -1.83352605e-01
  1.28253996e-01  2.95212626e-01 -1.38433769e-01 -3.31850827e-01
  4.06266600e-02 -3.62897776e-02 -1.95919231e-01  2.60894001e-01
 -3.11216444e-01 -1.01350276e-02  1.81988388e-01 -1.15850180e-01
  3.81875262e-02 -6.56718016e-02  5.56627691e-01  3.65802377e-01
 -1.70960072e-02 -8.80419835e-02  2.24778354e-01  5.27860820e-01
  4.35568959e-01 -2.93596014e-02 -9.49315056e-02 -1.92027897e-01
  1.77434519e-01  8.03013861e-01 -1.94347024e-01  5.43672323e-01
  2.47881413e-01 -3.17905456e-01  1.44268945e-01 -1.27989665e-01
  6.63738772e-02  2.58062392e-01 -2.17462957e-01  1.45412177e-01
  8.08759630e-01 -4.81024176e-01 -3.63404443e-03 -4.95125383e-01
 -1.48517549e-01  1.71380311e-01  4.39663470e-01 -1.16576096e-02
 -7.17251420e-01  3.67515117e-01 -1.48260415e-01 -3.65333587e-01
  7.02392101e-01 -2.80755669e-01  3.30693632e-01 -4.08776969e-01
 -1.08332327e-03 -5.71012259e-01  8.67659152e-02  2.32761279e-02
  2.51947492e-01  2.68947154e-01 -1.00751591e+00 -2.57311583e-01
 -3.88755411e-01 -3.42548281e-01 -1.87669527e-02  4.64751534e-02
 -5.08312702e-01 -2.65192121e-01 -4.22932774e-01  2.55681127e-01
  4.67967212e-01 -3.99149328e-01 -2.65456706e-01  1.66755632e-01
 -6.31768927e-02 -3.80345225e-01  2.80497433e-03  9.86236800e-03
  2.46120751e-01  2.40730837e-01 -4.08187687e-01 -5.04596412e-01
 -2.27552369e-01  3.03044498e-01 -4.21112061e-01 -1.64390281e-02
 -7.19848871e-01  1.86318621e-01  1.20457506e+00  2.67141134e-01
 -7.00694174e-02 -3.39250386e-01  3.77831757e-02  1.29332766e-01
  3.99171412e-01 -3.30033183e-01 -3.39812964e-01 -9.30067077e-02
 -2.94086449e-02  7.22285628e-01  3.44466791e-02  1.26557916e-01
  2.89042853e-02 -6.70156777e-01 -1.62520006e-01 -1.28631830e-01
 -2.49066889e-01 -4.59656447e-01 -2.88785666e-01  2.36711755e-01
  2.60086626e-01  3.72026563e-01 -2.14281559e-01 -3.98668170e-01
 -2.44672909e-01  6.27024472e-01 -2.96550632e-01 -1.32337451e-01
 -1.25281215e-01 -3.14514488e-02  2.54645884e-01  2.84446299e-01
  6.23931408e-01  8.66468064e-03 -2.52343893e-01 -1.89149026e-02
  4.73518878e-01 -4.08527672e-01  2.85598755e-01 -1.48669392e-01
  8.23503211e-02 -1.71549112e-01  1.45797342e-01  3.62606972e-01
 -2.95532942e-01  4.81163204e-01  3.74495119e-01  9.24959779e-02]
[-5.75071990e-01  5.84912337e-02  1.06999308e-01 -3.00709069e-01
  2.75504559e-01 -5.04669011e-01  6.00398667e-02  6.01665974e-01
 -1.11356474e-01  2.68312097e-01 -1.97077006e-01 -2.37584367e-01
  1.48114562e-01  4.36616331e-01  2.99244881e-01  2.81517357e-01
  1.69200003e-01  3.86249900e-01 -4.18862730e-01 -3.27510446e-01
 -1.70239970e-01 -1.69714689e-02 -3.86023015e-01  1.81097552e-01
  1.56175196e-01  3.13689202e-01  2.38893837e-01 -8.15804228e-02
  1.61140054e-01  2.05137990e-02  2.84488648e-01 -1.81682453e-01
  3.59556317e-01 -2.87055761e-01  1.86581258e-02 -9.01607051e-02
 -1.13442518e-01 -2.70257115e-01  5.52737489e-02 -4.33163285e-01
 -2.38137171e-01  7.44680762e-02  4.57198411e-01 -4.95472141e-02
 -6.82798401e-02  9.36502516e-02  3.04785538e-02 -1.35806752e-02
  1.26957536e-01 -3.10692906e-01 -5.57560146e-01 -5.00306748e-02
  4.12097067e-01 -3.35656881e-01  5.82506239e-01  5.13559937e-01
 -4.06858744e-03 -6.36541963e-01  1.35368764e-01 -1.54768959e-01
 -2.06125185e-01  2.48919979e-01  1.17810637e-01 -2.78446376e-01
  2.93674737e-01 -4.28248867e-02 -1.98593736e-01 -2.45919138e-01
 -6.80593431e-01 -1.29421493e-02  7.32021704e-02  2.66731054e-01
 -1.27966598e-01 -3.13665122e-01  5.71266524e-02  2.30569214e-01
  4.39825326e-01  4.23339456e-01 -2.85143822e-01  2.41638705e-01
 -5.44552267e-01  4.99174207e-01  3.20298225e-02  1.81656688e-01
  3.17023903e-01 -2.22283781e-01  2.77439132e-02 -5.43100178e-01
 -2.87624747e-01  5.26483595e-01 -3.91638666e-01 -4.69146132e-01
 -3.85511935e-01  3.27765614e-01  3.50228012e-01 -1.84328943e-01
  2.46990800e-01  1.49354815e-01 -6.94096386e-02  5.40528655e-01
  4.87699322e-02  3.58923465e-01 -7.31229782e-02  2.10281804e-01
 -1.08437911e-01  1.43020540e-01  6.02976717e-02 -8.10283944e-02
  2.52395511e-01 -2.32923031e-02 -9.92131904e-02 -5.39645016e-01
 -1.96780875e-01  1.63233895e-02 -6.69472665e-02 -3.18778813e-01
 -2.95714319e-01 -2.15283245e-01 -6.22769833e-01  1.01561278e-01
 -3.49361926e-01 -4.16709989e-01  1.21232726e-01  3.63997549e-01
 -4.32726964e-02 -1.06636792e-01 -7.50567317e-01 -1.84761703e-01
  6.18396979e-03 -3.38989645e-01  3.32780749e-01 -7.24552199e-02
  1.14965893e-01 -5.24993658e-01  1.25745639e-01 -1.32024456e-02
 -1.76921904e-01  3.38111073e-01 -4.01413679e-01  5.58561236e-02
  2.23155320e-01  1.84737265e-01  2.75413971e-02  3.75876762e-02
  9.36085060e-02  1.27828559e-02  1.74226195e-01 -5.44670880e-01
  2.00104490e-02  1.29359484e-01 -3.61784965e-01  6.61393344e-01
 -4.56523210e-01 -2.11513236e-01  1.09449953e-01  3.51683497e-01
 -2.17981905e-01  9.74721164e-02  2.20328823e-01 -7.72723377e-01
 -7.18528926e-02 -3.33341032e-01  2.48516962e-01 -3.62600375e-04
  6.14108920e-01  1.56444594e-01  3.07584882e-01  2.06014886e-01
 -6.50995895e-02  2.20268033e-02 -3.87755543e-01  6.51880026e-01
  3.96125138e-01 -5.68271816e-01  1.74969822e-01 -2.20881045e-01
 -3.46226506e-02  5.21309733e-01  3.50493073e-01 -7.08170608e-03
 -6.62380815e-01  2.64795730e-03 -2.10577533e-01 -4.25232887e-01
 -3.64870340e-01  6.92932606e-02  1.69008132e-02 -4.73979004e-02
  3.05785052e-02 -4.27624434e-02  6.50899187e-02  4.09334183e-01
  3.84923846e-01  1.60939336e-01  5.39916217e-01  1.07650131e-01
 -3.81885618e-01 -2.39602610e-01 -1.81007504e-01  5.71768917e-02
 -8.75581428e-02 -1.29175782e-01 -7.80445039e-02  2.15757713e-01
 -2.48259351e-01  1.85344875e-01 -4.43874896e-01  6.44012988e-02
  8.65801424e-03 -1.52670801e-01  8.48771930e-02  4.28401560e-01
 -4.42901514e-02  4.20625120e-01  2.79928386e-01  1.47863343e-01
  2.25829512e-01  3.78633365e-02  2.85085291e-01  4.75270317e-05
  8.81268531e-02  4.82917100e-01 -6.00802600e-01 -9.41682160e-02
 -9.11160558e-03  9.98944342e-01  6.11674547e-01 -2.56993741e-01
  4.19184536e-01  5.96202761e-02 -1.49658769e-01  2.25839481e-01
  4.52581972e-01  2.19028760e-02  1.96658835e-01 -4.52095449e-01
 -6.12267971e-01 -2.87496954e-01  7.62284696e-02 -1.49560302e-01
 -2.21994147e-01  3.91153693e-01 -2.07057297e-01  4.27405238e-01
  5.07191956e-01  3.78090367e-02 -7.35991523e-02 -9.01025236e-02
 -4.13607448e-01  9.30012912e-02 -2.93748915e-01 -2.63791531e-01
 -2.33183518e-01  1.31740436e-01 -2.46220395e-01 -1.31687447e-01
 -4.51958925e-01 -2.61136647e-02 -1.97942808e-01  3.61444980e-01
  1.44636646e-01  1.31252676e-01 -3.07477023e-02  7.49515593e-02
 -6.64427936e-01 -4.59935218e-01 -2.41757393e-01 -1.22869186e-01
  7.26422518e-02 -3.03307801e-01  5.31030782e-02 -5.15591502e-01
  1.66594945e-02  2.19240919e-01  3.75731587e-01 -3.00792605e-01
 -2.30626967e-02  1.80059254e-01  3.32964778e-01 -2.60239430e-02
  1.31910279e-01  1.72470823e-01  1.62264779e-01 -2.60434538e-01
 -3.77308279e-01 -3.08222771e-01  3.68386447e-01 -4.58488315e-01
 -5.89246809e-01 -5.30665144e-02 -1.90802693e-01 -1.52861580e-01
 -1.45644248e-01 -4.01520073e-01  4.09367651e-01  4.10886347e-01
 -2.20967814e-01  1.72428995e-01 -6.38958290e-02  5.27165458e-02
  5.91507256e-01  2.73937225e-01  2.58265641e-02  5.94296038e-01
  2.61402011e-01  6.65602803e-01 -2.10825562e-01  3.68878096e-01
 -1.03492594e+01 -1.47394776e-01 -1.88276440e-01 -1.63823009e-01
  7.14700878e-01  1.15941040e-01  2.97062963e-01  2.48547699e-02
 -4.84034717e-01  1.63635314e-01 -1.41496181e-01 -6.75336719e-02
 -3.71211141e-01  5.20393312e-01  1.06124878e-01 -2.32565656e-01
 -3.20522875e-01 -4.38223556e-02  8.85897279e-02  6.91573203e-01
 -2.69523740e-01  9.50503442e-03  1.91378072e-01 -1.21015728e-01
  1.83486894e-01  5.31924784e-01  4.04031128e-02 -4.19795036e-01
 -7.48835728e-02  2.93992966e-01 -4.25971970e-02 -3.83863896e-01
 -1.48184285e-01  1.45441622e-01 -2.80040920e-01 -3.22576791e-01
 -1.93327039e-01 -7.28040189e-02 -5.11152856e-02 -3.00605178e-01
 -3.70707750e-01 -5.35788000e-01 -6.29246607e-02  2.88384795e-01
  7.89528966e-01 -5.17696917e-01  2.74490148e-01 -1.66902214e-01
 -2.12488994e-02  3.94846618e-01  4.28144425e-01  7.04457834e-02
 -1.90692425e-01 -2.46817067e-01  3.76456976e-01  1.93345815e-01
 -1.08614117e-01  5.68473935e-01 -2.67681479e-01 -4.29602593e-01
 -2.36758843e-01  2.78142840e-01 -5.86714387e-01 -2.77013808e-01
  2.07372814e-01 -1.26206934e-01 -7.01430202e-01 -5.55303633e-01
  2.73367763e-02 -8.62545297e-02 -3.42949033e-01 -1.82815135e-01
  7.93465748e-02 -1.30085933e+00 -8.21101293e-02  1.42453715e-01
  3.59459311e-01  8.55972692e-02  4.20463741e-01 -9.25340727e-02
 -6.54070914e-01  8.24975520e-02 -2.61484057e-01 -3.05101514e-01
 -2.22763926e-01 -1.52187094e-01 -2.58087784e-01 -4.55451578e-01
 -2.07742602e-01  4.87767858e-03 -1.97542518e-01  4.89167452e-01
 -2.70537555e-01  1.40837893e-01 -6.38911128e-02 -5.09696126e-01
  6.49705995e-03 -3.25101674e-01 -6.86909929e-02 -8.74203369e-02
 -4.13167849e-02  1.87685296e-01  5.57188019e-02  3.22799295e-01
  2.85257101e-01  9.33955833e-02  2.51167685e-01  3.49500120e-01
 -2.63750166e-01  3.39918286e-01  2.21081913e-01 -1.44011438e-01
  1.09476661e-02 -1.13232419e-01  1.28821060e-01 -1.64991722e-01
  1.75468117e-01  3.54611039e-01 -4.06148806e-02  4.34807062e-01
 -7.89761961e-01  7.45741189e-01 -4.19817209e-01 -5.01003087e-01
 -6.76711947e-02  1.82701603e-01 -3.46192241e-01 -9.35506821e-01
  6.30237997e-01 -1.67791277e-01 -3.44539881e-01 -1.94180131e-01
  1.24940589e-01  1.25498727e-01 -3.11006326e-02 -6.38649583e-01
 -4.95618373e-01 -9.49833751e-01 -4.36434560e-02  4.06651229e-01
  2.27816671e-01  1.97612852e-01  5.10370195e-01 -1.25356540e-01
 -8.19188431e-02 -5.46661854e-01  3.50583047e-01 -5.60992677e-03
  1.62879556e-01 -2.19569877e-02 -1.19367838e-01 -8.70448202e-02
  2.91663468e-01 -5.67350447e-01  2.80368954e-01 -7.21757673e-03
 -2.69676089e-01  1.93713680e-01  1.24598593e-01 -2.82614063e-02
  4.28804487e-01 -5.01595773e-02  1.91277102e-01  3.08981180e-01
 -4.57204059e-02  3.25101078e-01 -3.85898888e-01  3.61857116e-02
 -3.08117807e-01 -2.99800456e-01 -1.40071763e-02  1.45043716e-01
 -9.77107212e-02 -5.45566604e-02 -1.36543229e-01  3.73671114e-01
 -1.57501549e-01  5.67321256e-02 -6.06322765e-01  4.22898114e-01
 -3.83445740e-01  2.31894493e-01 -6.91269338e-02 -4.61656988e-01
 -1.47518858e-01  2.82758981e-01  2.10944042e-01 -4.65435311e-02
 -3.30595046e-01 -5.69384284e-02  2.97290459e-02  8.52634788e-01
 -6.24961667e-02 -3.98013920e-01 -4.44884211e-01 -3.90006453e-01
  3.67319286e-02 -1.05301686e-01  4.33804274e-01 -2.23683283e-01
 -4.12953347e-02 -1.12125590e-01  1.05972499e-01  2.50880837e-01
  2.29752392e-01 -1.97390974e-01 -2.95084864e-01 -9.48390085e-03
  4.78328586e-01  6.91641390e-01 -2.56717056e-01 -3.65365118e-01
  1.38744965e-01 -2.13623479e-01 -3.97258885e-02 -1.68868184e-01
 -1.01072825e-01 -9.17098761e-01 -2.46986389e-01  7.67109022e-02
 -4.26902205e-01 -2.70883322e-01  3.38676095e-01 -3.92493248e-01
 -5.20694971e-01 -1.00740902e-01  3.31544429e-01  2.29677670e-02
 -1.41780332e-01 -7.89883882e-02  1.87647611e-01 -5.91656446e-01
 -4.07431088e-02 -3.00711244e-01 -4.49254066e-01  1.86830819e-01
 -2.21479014e-01 -9.58745256e-02  2.80255258e-01  2.50894189e-01
  2.97519621e-02 -6.02179207e-02  3.35686654e-01 -9.40342247e-02
  7.65063882e-01  4.01759371e-02 -2.74036825e-01 -1.70777932e-01
 -2.12099642e-01 -6.52294517e-01 -4.06528383e-01  1.34380326e-01
  7.52886683e-02  2.06769183e-02  2.63354212e-01 -5.27809680e-01
 -3.15355122e-01  3.18125457e-01  2.26335637e-02 -2.82327235e-01
 -1.95769295e-01 -5.49549758e-01 -1.80359378e-01  1.55179083e-01
  7.94746339e-01 -3.00199866e-01  2.42378429e-01 -1.63273245e-01
 -1.06224120e-01 -1.50214076e-01 -5.51722534e-02 -2.70228475e-01
  4.72779423e-01 -1.38487294e-02 -1.37317598e-01  8.93892162e-03
 -4.29127455e-01 -8.44572544e-01  8.08161721e-02 -2.05267072e-01
 -2.75968313e-02  8.10467839e-01 -4.04336333e-01 -3.73665929e-01
  2.42392242e-01 -3.68750989e-01  7.90007561e-02  4.24319386e-01
  3.14664364e-01  8.18772390e-02 -5.57792932e-02  3.74531657e-01
 -5.74201345e-01 -2.53020644e-01  2.53888994e-01 -2.00868040e-01
  2.74454176e-01  1.83837160e-01  1.81187063e-01  1.06526136e-01
 -6.41904116e-01 -6.85025007e-02  1.14294834e-01 -1.31280338e-02
  4.18159246e-01  8.64449888e-02 -2.99864471e-01 -1.57587215e-01
 -2.34911218e-01  3.84370357e-01 -1.76539198e-01 -7.28530660e-02
  1.23099424e-01 -1.25580817e-01 -1.54507399e-01 -2.77684312e-02
  3.51658225e-01 -1.01792026e+00  3.55186492e-01  1.85586527e-01
 -1.10797882e-01  1.47439465e-01  3.81178141e-01 -3.88762921e-01
  2.41594121e-01  3.85259874e-02 -3.20201725e-01 -1.04935452e-01
  2.35561937e-01 -2.90518522e-01  4.20420989e-02  1.63176924e-01
 -3.08603644e-01  1.62778720e-01 -1.77978858e-01 -1.20369196e-01
  2.80693471e-01  4.01667416e-01  6.06172621e-01  4.83231276e-01
  1.58624411e-01 -1.92192599e-01  6.55790791e-02  3.58184576e-01
  7.41040856e-02  9.79600921e-02 -1.11373454e-01  1.47399575e-01
 -4.93000410e-02  3.59780192e-01 -1.44460961e-01  4.24086958e-01
  4.15851176e-02 -3.69997472e-01  9.45327654e-02 -6.33356571e-02
 -2.34166428e-01  4.06355709e-01  1.03777431e-01  6.03781283e-01
  3.05343539e-01 -1.73479468e-01 -4.85813394e-02 -4.13468361e-01
  5.54915667e-01  3.12818885e-01  4.00271267e-01  1.69040412e-02
 -6.11996830e-01  1.78148314e-01  1.15395352e-01 -4.16181296e-01
  1.93730846e-01 -7.08482206e-01  2.72268802e-01 -1.63390428e-01
 -4.43176031e-01 -3.80808175e-01  3.99493217e-01 -4.58359085e-02
 -1.14962399e-01  6.37766719e-02 -6.87601030e-01 -6.24783874e-01
 -2.16474280e-01  1.81442931e-01  6.13025241e-02 -4.34889421e-02
 -3.54895256e-02 -4.67674017e-01 -2.13703424e-01  1.17353842e-01
  5.22969902e-01 -1.09104268e-01 -1.38791010e-01  2.49214441e-01
  2.02781692e-01  3.53424251e-01  1.96277186e-01 -1.34065477e-02
  2.61957139e-01  2.36938745e-02 -6.51245177e-01  1.58829048e-01
 -4.17733043e-01  6.36977017e-01  4.76641487e-03 -4.14504297e-02
 -4.28000182e-01 -1.99988842e-01  6.49051905e-01  1.20572895e-01
 -5.65224439e-02 -7.78767645e-01 -2.57065058e-01 -4.38393950e-01
  1.62884772e-01 -1.06559515e-01 -9.55069363e-02 -3.35010380e-01
 -1.73816264e-01  2.99628407e-01  1.46194054e-02 -6.79907799e-02
  6.46047369e-02 -5.22101998e-01  1.63220540e-02 -1.17606036e-01
 -4.31913912e-01 -4.36475426e-02 -5.78621209e-01  1.78485200e-01
 -1.55688956e-01  2.98299193e-01 -3.46999709e-03 -2.93990105e-01
  3.89286697e-01  6.94813073e-01 -3.95551234e-01 -4.30760354e-01
 -1.94214568e-01  8.30276683e-02 -1.50582497e-03 -1.20981924e-01
  1.30267560e-01  2.40616918e-01  5.26489317e-02  4.68049139e-01
  9.18958485e-02 -3.18253487e-01  1.14717267e-01 -6.22278266e-02
 -6.09947920e-01  1.49731606e-01 -9.42969043e-03  3.71396184e-01
  3.79983671e-02  9.01593491e-02  4.60014880e-01  1.57088712e-01]
